0.00159576
0.00159576
0.00159576
0.00159576
0.00243802
0.00243802
0.00243802
0.00248709
0.00413866
0.00413866
0.00413866
0.00413866
0.00413866
0.00554903
0.0057415
0.0057415
0.0057415
0.0057415
0.0057415
0.0057415
0.0057415
0.0057415
0.0057415
0.0057415
0.00675237
0.00675237
0.00675237
0.00675237
0.00675237
0.00675237
0.00675237
0.00675237
0.00675237
0.00675237
0.00952361
0.00952361
0.00952361
0.00952361
0.00952361
0.00952361
0.00952361
0.00952361
0.00952361
0.00582636
0.00582636
0.00582636
0.00582636
0.00582636
0.00582636
0.00582636
0.00582636
0.00582636
0.00582636
0.00582636
0.00582636
0.00582636
0.00582636
0.00582636
0.00713562
0.00713562
0.00713562
0.00713562
